38 80
1 3 1
2 8 8
3 1 999
3 4 10
3 9 1
4 3 1
4 5 1
4 10 1
5 4 1
5 6 1
5 11 1
6 5 1
6 7 6
6 12 1
7 6 1
8 2 5
8 14 2
9 3 1
9 10 1
10 4 10
10 9 1
10 11 1
11 5 1
11 10 1
11 17 4
12 6 1
12 18 2
13 19 5
14 8 8
14 15 1
15 14 2
15 16 3
15 21 2
16 15 1
16 22 1
17 11 1
17 23 1
18 12 1
18 24 1
19 13 1
19 25 1
20 26 3
21 15 1
21 27 1
22 16 3
22 23 1
23 17 4
23 22 1
24 18 2
24 30 3
25 19 5
25 31 16
26 20 8
26 32 1
27 21 2
27 28 1
28 27 1
28 29 1
29 28 1
29 30 3
29 35 1
30 24 1
30 29 1
31 25 1
31 37 1
32 26 3
32 33 1
33 32 1
33 34 1
33 38 999
34 33 1
34 35 1
35 29 1
35 34 1
35 36 4
36 35 1
36 37 1
37 31 16
37 36 4
38 33 1